
% =========================================================================
%  7-POINT GAUSSIAN QUADRATURE FOR TRIANGLES (exact, degree 5)
% =========================================================================
function [w, L] = gauss7()
a1 = 0.470142064105115;  b1 = 1 - 2*a1;
a2 = 0.101286507323456;  b2 = 1 - 2*a2;
w  = [0.225000000000000, ...
      0.132394299885435, 0.132394299885435, 0.132394299885435, ...
      0.125998316637360, 0.125998316637360, 0.125998316637360] / 2;
L  = [1/3, 1/3, 1/3;
      a1,  a1,  b1;
      a1,  b1,  a1;
      b1,  a1,  a1;
      a2,  a2,  b2;
      a2,  b2,  a2;
      b2,  a2,  a2];
end